111111111111111111111111111111111111111111111111111111111111111111111111
111111111111111111111111111111111111111111111111111111111111111111111111
111111111111111111111111101111111111111111111111111111111111111111111111
111111111111111111111111011111111111111111111111111111111111111111111111
111111111111111111111100111111111111111111111111111111111111111111111111
111111111111111111110001100001111111011111111111111111111111111111111111
111111111111111111100001000000011100111111111111111111111111111111111111
111111111111111111000011000000000000111111111111111111111111111111111111
111111111111111100000111111100000011101110000001111111111111111111111111
111111111111111000000111111111101110001000000011111111111111111111111111
111111111111100000011111101111110000000000000011111111111111111111111111
111111111111000000111100011111110000000000000001111111111111111111111111
111111111111000010000000111111100000000001000000111111111111111111111111
111111111111000000000000111110000000000011111111111111111111111111111111
111111111110000000001111110000000011000011011111111001111111111111111111
111111111100000000011111000000011111110001001110000011111111111111111111
111111111000000000111111111111110001100000000110000111111111111111111111
111111110000000000111111111110000011000000000110001111111111111111111111
111111100000000000011011000000000111000000000100011111111111111111111111
111111100000000000000001100000000110000000000000011111111111111111111111
111111100000000000000000111000000110000110000000011111111111111111111111
111111110001000000000111011110000110001110000000011111111111111111111111
111111111011100000011111111110000110001110000000011111111111111111111111
111111111011110000011111111100000011001110000000001111111111111111111111
111111111111110000011010000000000001101100001111111111111111111111111111
111111111111110000000011000000000000011100001111111111111111111111111111
111111111111110000000001100000000000001100011100111111111111111111111111
111111111110100000000000110000000000000100011110011111111100001111111111
111111111111000000000000011100000000100110011110001111100000111111111111
111111111111000000000011011100010000010111011110001111000011111111111111
111111111111100000011011111100011000011111111100000000000111111111111111
111111111111100000111011111000011000001111111100000000001111111111111111
111111111111110001111111100000011100000000011111000000000000111111111111
111111111111111111111111111000001111000001111001111011000000000111111111
111111111111111111111101111110001111111111110000011111000000000011111111
111111111111111111111001111111000111111000000000000001000100001111111111
111111111111111111100011101111110011100010000110000001111111111111111111
111111111111111110000011001111110000100001101111000000010000111111111111
111111111111111110000111011111110000100000111111100000000000011111111111
111111111111111100001110011111110000100001111111111000000011111111111111
111111111111111000111000111011110000100001111111111100001111111111111111
111111111111111111100001110011110000100001111111111111111111111111111111
111111111111111111100011000011110000100001111111111111111111111111111111
111111111111111111100110000111110100100001111111111111111111111111111111
111111111111111111101110001101100100101000110111111111111111111111111111
111111111111111111111100011000000100100000000111111111111111111111111111
111111111111111111111001110000000100100000000001111111111111111111111111
111111111111111111111111111100000100100000000111111111111111111111111111
111111111111111111111111110100000100100000001101111111111111111111111111
111111111111111111111111100000000100100000000000111111111111111111111111
111111111111111111111111000000000100100000000000111111111111111111111111
111111111111111111111111110100000100100000001001111111111111111111111111
111111111111111111111111111100000100100000001111111111111111111111111111
111111111111111111111111110000000100100000000001111111111111111111111111
111111111111111111111111111100100100100001100111111111111111111111111111
111111111111111111111111111111110100100001101111111111111111111111111111
111111111111111111111111111111110100000001111111111111111111111111111111
111111111111111111111111111111100100000000111111111111111111111111111111
111111111111111111111111111111000100000000111111111111111111111111111111
111111111111111111111111111111000100000100011111111111111111111111111111
111111111111111111111111111110001100000110001111111111111111111111111111
111111111111111111111111111110001100000110001111111111111111111111111111
111111111111111111111111111111000100001100011111111111111111111111111111
111111111111111111111111111111000110001000111111111111111111111111111111
111111111111111111111111111111100010001000111111111111111111111111111111
111111111111111111111111111111110000000001111111111111111111111111111111
111111111111111111111111111111110000000011111111111111111111111111111111
111111111111111111111111111111111000000011111111111111111111111111111111
111111111111111111111111111111111000000111111111111111111111111111111111
111111111111111111111111111111111100000111111111111111111111111111111111
111111111111111111111111111111111100000111111111111111111111111111111111
111111111111111111111111111111111100001111111111111111111111111111111111
111111111111111111111111111111111110001111111111111111111111111111111111
111111111111111111111111111111111110001111111111111111111111111111111111
111111111111111111111111111111111110001111111111111111111111111111111111
111111111111111111111111111111111110001111111111111111111111111111111111
111111111111111111111111111111111110011111111111111111111111111111111111
111111111111111111111111111111111110011111111111111111111111111111111111
111111111111111111111111111111111111111111111111111111111111111111111111
111111111111111111111111111111111111111111111111111111111111111111111111